width = 1280
height = 720
distortion_model = "plumb_bob"
distortion_coeffs = [ 0.0025881850439413517, 0.004893928671963269, -0.0005971923639874631, 0.0006597477814370171, -0.005115212019411672,]
camera_matrix = [ 584.3653650399003, 0.0, 639.4278146790854, 0.0, 583.8716835462014, 357.42633574577366, 0.0, 0.0, 1.0,]
rectification_matrix = [ 1.0, 0.0, 0.0, 0.0, 1.0, 0.0, 0.0, 0.0, 1.0,]
projection_matrix = [ 584.3653650399003, 0.0, 639.4278146790854, 0.0, 0.0, 583.8716835462014, 357.42633574577366, 0.0, 0.0, 0.0, 1.0, 0.0,]