[camera_pose]
x = 1.2403010987931895
y = -0.09174250959629587
z = 1.2516282829817922
roll = -145.9323504198207
pitch = -2.291831180523293
yaw = 1.7878387799578803