[camera]
intrinsics = "nhrl_camera_intrinsics.toml"

[camera.position]
x = -0.09174250959629587
y = -1.2403010987931895
z = 1.2516282829817922

[camera.rotation]
roll = -145.9323504198207
pitch = -2.291831180523293
yaw = 1.7878387799578803