[LEFT_CAM_2K]
fx=1067.77
fy=1068.34
cx=1096.18
cy=614.37
k1=-0.0481594
k2=0.0204573
p1=-6.59485e-05
p2=-0.000255559
k3=-0.00853969

[RIGHT_CAM_2K]
fx=1067.55
fy=1067.96
cx=1124.19
cy=627.53
k1=-0.049198
k2=0.0207799
p1=0.000130669
p2=2.86189e-05
k3=-0.00841125

[LEFT_CAM_FHD]
fx=1067.77
fy=1068.34
cx=952.18
cy=533.37
k1=-0.0481594
k2=0.0204573
p1=-6.59485e-05
p2=-0.000255559
k3=-0.00853969

[RIGHT_CAM_FHD]
fx=1067.55
fy=1067.96
cx=980.19
cy=546.53
k1=-0.049198
k2=0.0207799
p1=0.000130669
p2=2.86189e-05
k3=-0.00841125

[LEFT_CAM_HD]
fx=533.885
fy=534.17
cx=634.59
cy=355.185
k1=-0.0481594
k2=0.0204573
p1=-6.59485e-05
p2=-0.000255559
k3=-0.00853969

[RIGHT_CAM_HD]
fx=533.775
fy=533.98
cx=648.595
cy=361.765
k1=-0.049198
k2=0.0207799
p1=0.000130669
p2=2.86189e-05
k3=-0.00841125

[LEFT_CAM_VGA]
fx=266.9425
fy=267.085
cx=332.795
cy=185.0925
k1=-0.0481594
k2=0.0204573
p1=-6.59485e-05
p2=-0.000255559
k3=-0.00853969

[RIGHT_CAM_VGA]
fx=266.8875
fy=266.99
cx=339.7975
cy=188.3825
k1=-0.049198
k2=0.0207799
p1=0.000130669
p2=2.86189e-05
k3=-0.00841125

[LEFT_DISTO]
k1=-1.39138
k2=2.46729
k3=0.108813
k4=-1.30221
k5=2.3166
k6=0.268405
p1=-6.51941e-05
p2=-0.000121878

[RIGHT_DISTO]
k1=-1.12617
k2=2.47765
k3=0.133274
k4=-1.03032
k5=2.32678
k6=0.301339
p1=0.000145555
p2=-0.000172727

[STEREO]
Baseline=119.872
TY=-0.168393
TZ=0.0471917
CV_2K=0.000311943
CV_FHD=0.000311943
CV_HD=0.000311943
CV_VGA=0.000311943
RX_2K=0.000626355
RX_FHD=0.000626355
RX_HD=0.000626355
RX_VGA=0.000626355
RZ_2K=0.0016547
RZ_FHD=0.0016547
RZ_HD=0.0016547
RZ_VGA=0.0016547

[MISC]
Sensor_ID=0


