[LEFT_CAM_2K]
fx=1066.34
fy=1066.77
cx=1115.46
cy=607.665
k1=-0.0524452
k2=0.0266142
p1=0.000127173
p2=3.20218e-05
k3=-0.010805

[RIGHT_CAM_2K]
fx=1070.43
fy=1070.62
cx=1116.58
cy=628.996
k1=-0.0501901
k2=0.0227931
p1=0.000429359
p2=0.00039479
k3=-0.00909137

[LEFT_CAM_FHD]
fx=1066.34
fy=1066.77
cx=971.46
cy=526.665
k1=-0.0524452
k2=0.0266142
p1=0.000127173
p2=3.20218e-05
k3=-0.010805

[RIGHT_CAM_FHD]
fx=1070.43
fy=1070.62
cx=972.58
cy=547.996
k1=-0.0501901
k2=0.0227931
p1=0.000429359
p2=0.00039479
k3=-0.00909137

[LEFT_CAM_HD]
fx=533.17
fy=533.385
cx=644.23
cy=351.8325
k1=-0.0524452
k2=0.0266142
p1=0.000127173
p2=3.20218e-05
k3=-0.010805

[RIGHT_CAM_HD]
fx=535.215
fy=535.31
cx=644.79
cy=362.498
k1=-0.0501901
k2=0.0227931
p1=0.000429359
p2=0.00039479
k3=-0.00909137

[LEFT_CAM_VGA]
fx=266.585
fy=266.6925
cx=337.615
cy=183.41625
k1=-0.0524452
k2=0.0266142
p1=0.000127173
p2=3.20218e-05
k3=-0.010805

[RIGHT_CAM_VGA]
fx=267.6075
fy=267.655
cx=337.895
cy=188.749
k1=-0.0501901
k2=0.0227931
p1=0.000429359
p2=0.00039479
k3=-0.00909137

[LEFT_DISTO]
k1=-1.06061
k2=2.06199
k3=0.176271
k4=-0.963163
k5=1.90709
k6=0.33115
p1=0.000120419
p2=0.000117777

[RIGHT_DISTO]
k1=-1.27549
k2=2.72262
k3=0.114534
k4=-1.18197
k5=2.57015
k6=0.287998
p1=0.000409688
p2=0.00014457

[STEREO]
Baseline=119.831
TY=0.0570368
TZ=0.110791
CV_2K=0.00468296
CV_FHD=0.00468296
CV_HD=0.00468296
CV_VGA=0.00468296
RX_2K=0.000481408
RX_FHD=0.000481408
RX_HD=0.000481408
RX_VGA=0.000481408
RZ_2K=-0.000121403
RZ_FHD=-0.000121403
RZ_HD=-0.000121403
RZ_VGA=-0.000121403

[MISC]
Sensor_ID=0


