width = 1920
height = 1080
distortion_model = "plumb_bob"
distortion_coeffs = [ -0.13981285711792454, 0.14562232126976604, -8.656034686255982e-5, 0.002226576474957065, -0.09154634066778773,]
camera_matrix = [ 993.6027982770916, 0.0, 967.8321431854961, 0.0, 984.8178141425261, 541.2611511399184, 0.0, 0.0, 1.0,]
rectification_matrix = [ 1.0, 0.0, 0.0, 0.0, 1.0, 0.0, 0.0, 0.0, 1.0,]
projection_matrix = [ 993.6027982770916, 0.0, 967.8321431854961, 0.0, 0.0, 984.8178141425261, 541.2611511399184, 0.0, 0.0, 0.0, 1.0, 0.0,]
