[LEFT_CAM_2K]
fx=1063.06
fy=1062.97
cx=1100.26
cy=638.716
k1=-0.0671222
k2=0.0471465
p1=-0.000184529
p2=0.000530862
k3=-0.0188766

[RIGHT_CAM_2K]
fx=1067.26
fy=1067.46
cx=1128.71
cy=644.744
k1=-0.0672436
k2=0.0482402
p1=-0.000397896
p2=0.000195162
k3=-0.0195303

[LEFT_CAM_FHD]
fx=1063.06
fy=1062.97
cx=956.26
cy=557.716
k1=-0.0671222
k2=0.0471465
p1=-0.000184529
p2=0.000530862
k3=-0.0188766

[RIGHT_CAM_FHD]
fx=1067.26
fy=1067.46
cx=984.71
cy=563.744
k1=-0.0672436
k2=0.0482402
p1=-0.000397896
p2=0.000195162
k3=-0.0195303

[LEFT_CAM_HD]
fx=531.53
fy=531.485
cx=636.63
cy=367.358
k1=-0.0671222
k2=0.0471465
p1=-0.000184529
p2=0.000530862
k3=-0.0188766

[RIGHT_CAM_HD]
fx=533.63
fy=533.73
cx=650.855
cy=370.372
k1=-0.0672436
k2=0.0482402
p1=-0.000397896
p2=0.000195162
k3=-0.0195303

[LEFT_CAM_VGA]
fx=265.765
fy=265.7425
cx=333.815
cy=191.179
k1=-0.0671222
k2=0.0471465
p1=-0.000184529
p2=0.000530862
k3=-0.0188766

[RIGHT_CAM_VGA]
fx=266.815
fy=266.865
cx=340.9275
cy=192.686
k1=-0.0672436
k2=0.0482402
p1=-0.000397896
p2=0.000195162
k3=-0.0195303

[LEFT_DISTO]
k1=-1.58723
k2=3.13248
k3=0.0889779
k4=-1.49484
k5=2.97102
k6=0.27608
p1=-0.000311252
p2=-1.34296e-05

[RIGHT_DISTO]
k1=-1.52383
k2=3.12472
k3=0.0493537
k4=-1.43202
k5=2.96924
k6=0.230388
p1=-0.000297217
p2=0.000352897

[STEREO]
Baseline=119.815
TY=-0.406678
TZ=0.333262
CV_2K=0.00703818
CV_FHD=0.00703818
CV_HD=0.00703818
CV_VGA=0.00703818
RX_2K=0.015477
RX_FHD=0.015477
RX_HD=0.015477
RX_VGA=0.015477
RZ_2K=0.000325085
RZ_FHD=0.000325085
RZ_HD=0.000325085
RZ_VGA=0.000325085

[MISC]
Sensor_ID=0

